32
2056	
12	0	0	44.28	10.68
3683	
10	1	1	32.62	13.61
1241	
10	2	0	32.71	12.52
4678	
8	3	1	23.77	13.99
4976	
7	5	0	20.22	11.81
7664	
9	3	0	22.18	13.39
4069	
6	5	1	19	13.54
5483	
8	4	0	18	13.07
772	
7	5	0	16.32	15.82
4917	
5	7	0	16.09	15.29
5039	
8	4	0	23.89	13.84
6992	
7	4	1	15.91	9.94
3756	
6	6	0	12.72	20.88
5912	
5	6	1	19.49	18.55
7022	
5	6	1	12.41	17.17
4968	
4	8	0	15.89	18.23
2702	
6	6	0	19.84	16.21
2609	
6	6	0	17.9	13.38
7800	
6	6	0	10.53	14.31
4920	
5	6	1	8.12	11.34
4814	
6	6	0	18.94	12.05
5032	
4	7	1	7.47	18.91
4617	
4	8	0	8.38	14.06
6875	
4	7	1	7.97	18.77
5672	
4	7	1	9.84	21.39
3739
	4	7	1	14.08	16.94
7722	
4	8	0	12.22	21.12
7475	
3	9	0	8.47	22.85
6330	
3	8	1	6.5	23.89
6854	
3	9	0	8.89	20.03
3161	
4	8	0	4.78	18.11
6856	
3	9	0	5.83	20.3